; OM File Header - Saved 2024/02/06 13:56:41
; (7.01 :patc (om-make-point 173.10009765625D0 70) (om-make-point 0 44) (om-make-point 1800 1035) "" 183 0 "2023/10/10 16:03:55" "2023/10/10 16:24:06")
; End File Header
(in-package :om)(load-lib-for (quote ("OMJosh" "OMTristan")))(setf *om-current-persistent* (om-load-patch1 "2 more chords" (quote ((let ((box (om-load-editor-box1 "CHORD-SEQ 4" (quote chord-seq) (quote ((om-load-inputfun (quote input-funbox) "object" "self" nil) (om-load-inputfun (quote input-funbox) "pitches (mc): list or list of lists" "lmidic" (list 6000)) (om-load-inputfun (quote input-funbox) "onsets (ms): list" "lonset" (list 0 1000)) (om-load-inputfun (quote input-funbox) "durations (ms): list or list of lists" "ldur" (list 1000)) (om-load-inputfun (quote input-funbox) "velocities (0-127): list or list of lists" "lvel" (list 100)) (om-load-inputfun (quote input-funbox) "offsets (ms): list or list of lists" "loffset" (list 0)) (om-load-inputfun (quote input-funbox) "MIDI channels (1-16): list or list of lists" "lchan" (list 1)) (om-load-inputfun (quote input-funbox) "relative chords duration (0-100)" "legato" 0))) (om-make-point 946 720) (om-make-point 130 70) (let ((newobj (when (find-class (quote chord-seq) nil) (make-instance (quote chord-seq) :lmidic (quote ((3700 3676 4350 3426 4376 4100 3726 4150) (4108 4296 4730 4038 4996 4844 4992 4306) (4480 4806 5082 4544 5506 5422 5796 4468) (4630 5002 5224 4738 5702 5640 6074 4538) (4892 5334 5476 5068 6034 6002 6518 4670) (5046 5522 5624 5254 6222 6204 6758 4752) (5170 5672 5744 5404 6372 6364 6946 4820))) :lonset (quote (0 1000 2000 3000 4000 5000 6000 7000)) :ldur (quote ((1000 1000 1000 1000 1000 1000 1000 1000) (1000 1000 1000 1000 1000 1000 1000 1000) (1000 1000 1000 1000 1000 1000 1000 1000) (1000 1000 1000 1000 1000 1000 1000 1000) (1000 1000 1000 1000 1000 1000 1000 1000) (1000 1000 1000 1000 1000 1000 1000 1000) (1000 1000 1000 1000 1000 1000 1000 1000))) :lvel (quote ((100 100 100 100 100 100 100 100) (100 100 100 100 100 100 100 100) (100 100 100 100 100 100 100 100) (100 100 100 100 100 100 100 100) (100 100 100 100 100 100 100 100) (100 100 100 100 100 100 100 100) (100 100 100 100 100 100 100 100))) :loffset (quote ((0 0 0 0 0 0 0 0) (0 0 0 0 0 0 0 0) (0 0 0 0 0 0 0 0) (0 0 0 0 0 0 0 0) (0 0 0 0 0 0 0 0) (0 0 0 0 0 0 0 0) (0 0 0 0 0 0 0 0))) :lchan (quote ((1 1 1 1 1 1 1 1) (1 1 1 1 1 1 1 1) (1 1 1 1 1 1 1 1) (1 1 1 1 1 1 1 1) (1 1 1 1 1 1 1 1) (1 1 1 1 1 1 1 1) (1 1 1 1 1 1 1 1))) :legato 0)))) (load-port-info newobj (quote ((0 0 0 0 0 0 0 0) (0 0 0 0 0 0 0 0) (0 0 0 0 0 0 0 0) (0 0 0 0 0 0 0 0) (0 0 0 0 0 0 0 0) (0 0 0 0 0 0 0 0) (0 0 0 0 0 0 0 0)))) (init-mus-color newobj (quote nil)) (set-extra-pairs newobj (quote nil)) (set-patch-pairs newobj (quote ((nil (om-load-patch-abs1 "patch" (quote nil) (quote nil) 7.01 nil "" (om-make-point 200 200) (om-make-point 400 500)))))) (set-name newobj nil) (set-tonalite newobj nil) newobj) nil nil (pairlis (quote (scale show-stems cursor-mode obj-mode score-mode winpos winsize mode grillestep notechancolor? zoom player inport outport deltapict cmnpref staff fontsize approx)) (list nil (quote t) (quote :normal) 1 0 (om-make-point 400 44) (om-make-point 1400 617) 0 1000 nil 1 (quote :midi-player) nil nil (om-make-point 0 0) (let ((newobj (make-instance (quote edition-values)))) (setf (paper-size newobj) (om-make-point 600 800)) (setf (top-margin newobj) 2) (setf (left-margin newobj) 1) (setf (right-margin newobj) 1) (setf (bottom-margin newobj) 1) (setf (orientation newobj) nil) (setf (scale newobj) nil) (setf (system-space newobj) (quote (1))) (setf (system-color newobj) (quote nil)) (setf (line-space newobj) 1) (setf (title newobj) nil) (setf (show-title? newobj) nil) (setf (show-page? newobj) nil) (setf (sheet-id newobj) nil) (setf (page-mode newobj) nil) newobj) (quote gf) 24 8)) t nil nil nil))) (when (fboundp (quote set-active)) (set-active box nil)) box) (let ((box (om-load-editor-box1 "CHORD-SEQ 3" (quote chord-seq) (quote ((om-load-inputfun (quote input-funbox) "object" "self" nil) (om-load-inputfun (quote input-funbox) "pitches (mc): list or list of lists" "lmidic" (list 6000)) (om-load-inputfun (quote input-funbox) "onsets (ms): list" "lonset" (list 0 1000)) (om-load-inputfun (quote input-funbox) "durations (ms): list or list of lists" "ldur" (list 1000)) (om-load-inputfun (quote input-funbox) "velocities (0-127): list or list of lists" "lvel" (list 100)) (om-load-inputfun (quote input-funbox) "offsets (ms): list or list of lists" "loffset" (list 0)) (om-load-inputfun (quote input-funbox) "MIDI channels (1-16): list or list of lists" "lchan" (list 1)) (om-load-inputfun (quote input-funbox) "relative chords duration (0-100)" "legato" 0))) (om-make-point 840 579) (om-make-point 130 70) (let ((newobj (when (find-class (quote chord-seq) nil) (make-instance (quote chord-seq) :lmidic (quote ((3700 3676 4350 3426 4376 4100 3726 4150) (4108 4296 4730 4038 4996 4844 4992 4306) (4480 4806 5082 4544 5506 5422 5796 4468) (4630 5002 5224 4738 5702 5640 6074 4538) (4892 5334 5476 5068 6034 6002 6518 4670) (5046 5522 5624 5254 6222 6204 6758 4752) (5170 5672 5744 5404 6372 6364 6946 4820))) :lonset (quote (0 1000 4000 6000 11000 15000 19000 20000)) :ldur (quote ((1000 1000 1000 1000 1000 1000 1000 1000) (1000 1000 1000 1000 1000 1000 1000 1000) (1000 1000 1000 1000 1000 1000 1000 1000) (1000 1000 1000 1000 1000 1000 1000 1000) (1000 1000 1000 1000 1000 1000 1000 1000) (1000 1000 1000 1000 1000 1000 1000 1000) (1000 1000 1000 1000 1000 1000 1000 1000))) :lvel (quote ((100 100 100 100 100 100 100 100) (100 100 100 100 100 100 100 100) (100 100 100 100 100 100 100 100) (100 100 100 100 100 100 100 100) (100 100 100 100 100 100 100 100) (100 100 100 100 100 100 100 100) (100 100 100 100 100 100 100 100))) :loffset (quote ((0 0 0 0 0 0 0 0) (0 0 0 0 0 0 0 0) (0 0 0 0 0 0 0 0) (0 0 0 0 0 0 0 0) (0 0 0 0 0 0 0 0) (0 0 0 0 0 0 0 0) (0 0 0 0 0 0 0 0))) :lchan (quote ((1 1 1 1 1 1 1 1) (1 1 1 1 1 1 1 1) (1 1 1 1 1 1 1 1) (1 1 1 1 1 1 1 1) (1 1 1 1 1 1 1 1) (1 1 1 1 1 1 1 1) (1 1 1 1 1 1 1 1))) :legato 0)))) (load-port-info newobj (quote ((0 0 0 0 0 0 0 0) (0 0 0 0 0 0 0 0) (0 0 0 0 0 0 0 0) (0 0 0 0 0 0 0 0) (0 0 0 0 0 0 0 0) (0 0 0 0 0 0 0 0) (0 0 0 0 0 0 0 0)))) (init-mus-color newobj (quote nil)) (set-extra-pairs newobj (quote nil)) (set-patch-pairs newobj (quote ((nil (om-load-patch-abs1 "patch" (quote nil) (quote nil) 7.01 nil "" (om-make-point 200 200) (om-make-point 400 500)))))) (set-name newobj nil) (set-tonalite newobj nil) newobj) "x" nil (pairlis (quote (scale show-stems cursor-mode obj-mode score-mode winpos winsize mode grillestep notechancolor? zoom player inport outport deltapict cmnpref staff fontsize approx)) (list nil (quote t) (quote :normal) 1 0 (om-make-point 400 44) (om-make-point 931 439) 0 1000 nil 1 (quote :midi-player) nil nil (om-make-point 0 0) (let ((newobj (make-instance (quote edition-values)))) (setf (paper-size newobj) (om-make-point 600 800)) (setf (top-margin newobj) 2) (setf (left-margin newobj) 1) (setf (right-margin newobj) 1) (setf (bottom-margin newobj) 1) (setf (orientation newobj) nil) (setf (scale newobj) nil) (setf (system-space newobj) (quote (1))) (setf (system-color newobj) (quote nil)) (setf (line-space newobj) 1) (setf (title newobj) nil) (setf (show-title? newobj) nil) (setf (show-page? newobj) nil) (setf (sheet-id newobj) nil) (setf (page-mode newobj) nil) newobj) (quote gf) 24 8)) t nil nil nil))) (when (fboundp (quote set-active)) (set-active box nil)) box) (let ((box (om-load-boxcall (quote genfun) "F-INTERPOL" (quote f-interpol) (quote ((om-load-inputfun (quote input-funbox) "begin" "BEGIN" 4800) (om-load-inputfun (quote input-funbox) "end" "END" 6000) (om-load-inputfun (quote input-funbox) "steps" "STEPS" 20) (om-load-inputfun (quote input-funbox) "curve" "CURVE" 0.6))) (om-make-point 980 504) nil nil nil nil 1))) (when (fboundp (quote set-active)) (set-active box nil)) box) (let ((box (om-load-editor-box1 "dragged 2" (quote chord) (quote ((om-load-inputfun (quote input-funbox) "object" "self" nil) (om-load-inputfun (quote input-funbox) "pitches (list of midicents)" "lmidic" (list 6000)) (om-load-inputfun (quote input-funbox) "velocities (list of values 0-127)" "lvel" (list 100)) (om-load-inputfun (quote input-funbox) "offsets (list of values in ms)" "loffset" (list 0)) (om-load-inputfun (quote input-funbox) "durations (list of values in ms)" "ldur" (list 1000)) (om-load-inputfun (quote input-funbox) "MIDI channels (list of values 0-16)" "lchan" (list 1)))) (om-make-point 967 307) (om-make-point 60 90) (let ((thechord (make-instance (quote chord) :lmidic (quote (5170 5672 5744 5404 6372 6364 6946 4820)) :ldur (quote (1000 1000 1000 1000 1000 1000 1000 1000)) :lvel (quote (100 100 100 100 100 100 100 100)) :loffset (quote (0 0 0 0 0 0 0 0)) :lchan (quote (1 1 1 1 1 1 1 1))))) (load-port-info thechord (quote (0 0 0 0 0 0 0 0))) (init-mus-color thechord (quote nil)) (set-extra-pairs thechord (quote nil)) (set-tonalite thechord nil) thechord) "x" nil (pairlis (quote (scale show-stems cursor-mode obj-mode score-mode winpos winsize mode grillestep notechancolor? zoom player inport outport deltapict cmnpref staff fontsize approx)) (list nil (quote t) (quote :normal) 0 0 (om-make-point 400 44) (om-make-point 370 280) 0 1000 nil 1 (quote :midi-player) nil nil (om-make-point 0 0) (let ((newobj (make-instance (quote edition-values)))) (setf (paper-size newobj) (om-make-point 600 800)) (setf (top-margin newobj) 2) (setf (left-margin newobj) 1) (setf (right-margin newobj) 1) (setf (bottom-margin newobj) 1) (setf (orientation newobj) nil) (setf (scale newobj) nil) (setf (system-space newobj) (quote (1))) (setf (system-color newobj) (quote nil)) (setf (line-space newobj) 1) (setf (title newobj) nil) (setf (show-title? newobj) nil) (setf (show-page? newobj) nil) (setf (sheet-id newobj) nil) (setf (page-mode newobj) nil) newobj) (quote gf) 24 8)) t nil nil nil))) (when (fboundp (quote set-active)) (set-active box nil)) box) (let ((box (om-load-editor-box1 "dragged" (quote chord) (quote ((om-load-inputfun (quote input-funbox) "object" "self" nil) (om-load-inputfun (quote input-funbox) "pitches (list of midicents)" "lmidic" (list 6000)) (om-load-inputfun (quote input-funbox) "velocities (list of values 0-127)" "lvel" (list 100)) (om-load-inputfun (quote input-funbox) "offsets (list of values in ms)" "loffset" (list 0)) (om-load-inputfun (quote input-funbox) "durations (list of values in ms)" "ldur" (list 1000)) (om-load-inputfun (quote input-funbox) "MIDI channels (list of values 0-16)" "lchan" (list 1)))) (om-make-point 812 309) (om-make-point 60 90) (let ((thechord (make-instance (quote chord) :lmidic (quote (3700 3676 4350 3426 4376 4100 3726 4150)) :ldur (quote (1000 1000 1000 1000 1000 1000 1000 1000)) :lvel (quote (100 100 100 100 100 100 100 100)) :loffset (quote (0 0 0 0 0 0 0 0)) :lchan (quote (1 1 1 1 1 1 1 1))))) (load-port-info thechord (quote (0 0 0 0 0 0 0 0))) (init-mus-color thechord (quote nil)) (set-extra-pairs thechord (quote nil)) (set-tonalite thechord nil) thechord) "x" nil (pairlis (quote (scale show-stems cursor-mode obj-mode score-mode winpos winsize mode grillestep notechancolor? zoom player inport outport deltapict cmnpref staff fontsize approx)) (list nil (quote t) (quote :normal) 0 0 (om-make-point 400 44) (om-make-point 370 280) 0 1000 nil 1 (quote :midi-player) nil nil (om-make-point 0 0) (let ((newobj (make-instance (quote edition-values)))) (setf (paper-size newobj) (om-make-point 600 800)) (setf (top-margin newobj) 2) (setf (left-margin newobj) 1) (setf (right-margin newobj) 1) (setf (bottom-margin newobj) 1) (setf (orientation newobj) nil) (setf (scale newobj) nil) (setf (system-space newobj) (quote (1))) (setf (system-color newobj) (quote nil)) (setf (line-space newobj) 1) (setf (title newobj) nil) (setf (show-title? newobj) nil) (setf (show-page? newobj) nil) (setf (sheet-id newobj) nil) (setf (page-mode newobj) nil) newobj) (quote gf) 24 8)) t nil nil nil))) (when (fboundp (quote set-active)) (set-active box nil)) box) (let ((box (om-load-boxcall (quote lispfun) "REVERSE" (quote reverse) (quote ((om-load-inputfun (quote input-funbox) "SEQUENCE" "SEQUENCE" nil))) (om-make-point 209 555) nil nil nil nil 1))) (when (fboundp (quote set-active)) (set-active box nil)) box) (let ((box (om-load-editor-box1 "CHORD-SEQ 2" (quote chord-seq) (quote ((om-load-inputfun (quote input-funbox) "object" "self" nil) (om-load-inputfun (quote input-funbox) "pitches (mc): list or list of lists" "lmidic" (list 6000)) (om-load-inputfun (quote input-funbox) "onsets (ms): list" "lonset" (list 0 1000)) (om-load-inputfun (quote input-funbox) "durations (ms): list or list of lists" "ldur" (list 1000)) (om-load-inputfun (quote input-funbox) "velocities (0-127): list or list of lists" "lvel" (list 100)) (om-load-inputfun (quote input-funbox) "offsets (ms): list or list of lists" "loffset" (list 0)) (om-load-inputfun (quote input-funbox) "MIDI channels (1-16): list or list of lists" "lchan" (list 1)) (om-load-inputfun (quote input-funbox) "relative chords duration (0-100)" "legato" 0))) (om-make-point 154 708) (om-make-point 452 211) (let ((newobj (when (find-class (quote chord-seq) nil) (make-instance (quote chord-seq) :lmidic (quote ((4100 4076 4750 3826 4776 4500 4126 4550) (4334 4604 4944 4344 5304 5194 5484 4410) (4444 4826 5036 4564 5526 5470 5918 4332) (4600 4928 5202 4666 5628 5546 5920 4586) (4814 5248 5400 4984 5948 5914 6422 4606) (4528 4988 5110 4724 5688 5666 6204 4266) (4766 5410 5314 5140 6110 6158 6870 4046) (4856 5556 5392 5286 6256 6326 7084 3948) (4812 5486 5354 5216 6186 6246 6982 3996) (5378 6018 5926 5748 6718 6764 7474 4666) (5452 6114 5998 5844 6814 6868 7596 4676) (4896 5622 5426 5350 6322 6398 7174 3900) (5520 6200 6062 5930 6900 6960 7704 4686) (5582 6280 6122 6008 6980 7046 7800 4694) (4716 5324 5270 5056 6024 6060 6744 4098) (5642 6352 6176 6080 7052 7122 7888 4702) (4932 5680 5460 5408 6380 6466 7258 3852) (5294 5910 5848 5642 6610 6648 7338 4656) (5696 6420 6228 6148 7120 7194 7970 4710) (4600 5118 5170 4852 5818 5820 6420 4206) (4662 5228 5224 4962 5928 5950 6596 4152) (5746 6482 6278 6210 7182 7262 8044 4718) (4970 5472 5544 5204 6172 6164 6746 4620) (5794 6542 6324 6268 7242 7324 8114 4724) (5122 5972 5628 5696 6672 6788 7648 3570) (5094 5930 5602 5656 6630 6742 7592 3616) (5202 5788 5762 5520 6488 6514 7178 4646) (5148 6012 5652 5736 6712 6832 7700 3522) (5176 6050 5676 5776 6750 6876 7750 3476) (5064 5886 5576 5612 6586 6694 7534 3664) (4968 5736 5492 5464 6436 6528 7334 3804) (5840 6596 6368 6324 7296 7382 8180 4732) (5096 5644 5662 5376 6344 6356 6986 4634) (5034 5838 5550 5564 6538 6642 7472 3710) (5002 5790 5522 5516 6490 6586 7406 3758) (5884 6648 6408 6376 7348 7438 8242 4738) (5926 6698 6448 6424 7398 7490 8300 4746) (5964 6746 6486 6472 7446 7538 8354 4752) (6002 6790 6522 6516 7490 7586 8406 4758))) :lonset (quote (0 1000 2000 3000 4000 5000 6000 7000 8000 9000 10000 11000 12000 13000 14000 15000 16000 17000 18000 19000 20000 21000 22000 23000 24000 25000 26000 27000 28000 29000 30000 31000 32000 33000 34000 35000 36000 37000 38000 39000)) :ldur (quote ((1000 1000 1000 1000 1000 1000 1000 1000) (1000 1000 1000 1000 1000 1000 1000 1000) (1000 1000 1000 1000 1000 1000 1000 1000) (1000 1000 1000 1000 1000 1000 1000 1000) (1000 1000 1000 1000 1000 1000 1000 1000) (1000 1000 1000 1000 1000 1000 1000 1000) (1000 1000 1000 1000 1000 1000 1000 1000) (1000 1000 1000 1000 1000 1000 1000 1000) (1000 1000 1000 1000 1000 1000 1000 1000) (1000 1000 1000 1000 1000 1000 1000 1000) (1000 1000 1000 1000 1000 1000 1000 1000) (1000 1000 1000 1000 1000 1000 1000 1000) (1000 1000 1000 1000 1000 1000 1000 1000) (1000 1000 1000 1000 1000 1000 1000 1000) (1000 1000 1000 1000 1000 1000 1000 1000) (1000 1000 1000 1000 1000 1000 1000 1000) (1000 1000 1000 1000 1000 1000 1000 1000) (1000 1000 1000 1000 1000 1000 1000 1000) (1000 1000 1000 1000 1000 1000 1000 1000) (1000 1000 1000 1000 1000 1000 1000 1000) (1000 1000 1000 1000 1000 1000 1000 1000) (1000 1000 1000 1000 1000 1000 1000 1000) (1000 1000 1000 1000 1000 1000 1000 1000) (1000 1000 1000 1000 1000 1000 1000 1000) (1000 1000 1000 1000 1000 1000 1000 1000) (1000 1000 1000 1000 1000 1000 1000 1000) (1000 1000 1000 1000 1000 1000 1000 1000) (1000 1000 1000 1000 1000 1000 1000 1000) (1000 1000 1000 1000 1000 1000 1000 1000) (1000 1000 1000 1000 1000 1000 1000 1000) (1000 1000 1000 1000 1000 1000 1000 1000) (1000 1000 1000 1000 1000 1000 1000 1000) (1000 1000 1000 1000 1000 1000 1000 1000) (1000 1000 1000 1000 1000 1000 1000 1000) (1000 1000 1000 1000 1000 1000 1000 1000) (1000 1000 1000 1000 1000 1000 1000 1000) (1000 1000 1000 1000 1000 1000 1000 1000) (1000 1000 1000 1000 1000 1000 1000 1000) (1000 1000 1000 1000 1000 1000 1000 1000))) :lvel (quote ((100 100 100 100 100 100 100 100) (100 100 100 100 100 100 100 100) (100 100 100 100 100 100 100 100) (100 100 100 100 100 100 100 100) (100 100 100 100 100 100 100 100) (100 100 100 100 100 100 100 100) (100 100 100 100 100 100 100 100) (100 100 100 100 100 100 100 100) (100 100 100 100 100 100 100 100) (100 100 100 100 100 100 100 100) (100 100 100 100 100 100 100 100) (100 100 100 100 100 100 100 100) (100 100 100 100 100 100 100 100) (100 100 100 100 100 100 100 100) (100 100 100 100 100 100 100 100) (100 100 100 100 100 100 100 100) (100 100 100 100 100 100 100 100) (100 100 100 100 100 100 100 100) (100 100 100 100 100 100 100 100) (100 100 100 100 100 100 100 100) (100 100 100 100 100 100 100 100) (100 100 100 100 100 100 100 100) (100 100 100 100 100 100 100 100) (100 100 100 100 100 100 100 100) (100 100 100 100 100 100 100 100) (100 100 100 100 100 100 100 100) (100 100 100 100 100 100 100 100) (100 100 100 100 100 100 100 100) (100 100 100 100 100 100 100 100) (100 100 100 100 100 100 100 100) (100 100 100 100 100 100 100 100) (100 100 100 100 100 100 100 100) (100 100 100 100 100 100 100 100) (100 100 100 100 100 100 100 100) (100 100 100 100 100 100 100 100) (100 100 100 100 100 100 100 100) (100 100 100 100 100 100 100 100) (100 100 100 100 100 100 100 100) (100 100 100 100 100 100 100 100))) :loffset (quote ((0 0 0 0 0 0 0 0) (0 0 0 0 0 0 0 0) (0 0 0 0 0 0 0 0) (0 0 0 0 0 0 0 0) (0 0 0 0 0 0 0 0) (0 0 0 0 0 0 0 0) (0 0 0 0 0 0 0 0) (0 0 0 0 0 0 0 0) (0 0 0 0 0 0 0 0) (0 0 0 0 0 0 0 0) (0 0 0 0 0 0 0 0) (0 0 0 0 0 0 0 0) (0 0 0 0 0 0 0 0) (0 0 0 0 0 0 0 0) (0 0 0 0 0 0 0 0) (0 0 0 0 0 0 0 0) (0 0 0 0 0 0 0 0) (0 0 0 0 0 0 0 0) (0 0 0 0 0 0 0 0) (0 0 0 0 0 0 0 0) (0 0 0 0 0 0 0 0) (0 0 0 0 0 0 0 0) (0 0 0 0 0 0 0 0) (0 0 0 0 0 0 0 0) (0 0 0 0 0 0 0 0) (0 0 0 0 0 0 0 0) (0 0 0 0 0 0 0 0) (0 0 0 0 0 0 0 0) (0 0 0 0 0 0 0 0) (0 0 0 0 0 0 0 0) (0 0 0 0 0 0 0 0) (0 0 0 0 0 0 0 0) (0 0 0 0 0 0 0 0) (0 0 0 0 0 0 0 0) (0 0 0 0 0 0 0 0) (0 0 0 0 0 0 0 0) (0 0 0 0 0 0 0 0) (0 0 0 0 0 0 0 0) (0 0 0 0 0 0 0 0))) :lchan (quote ((1 1 1 1 1 1 1 1) (1 1 1 1 1 1 1 1) (1 1 1 1 1 1 1 1) (1 1 1 1 1 1 1 1) (1 1 1 1 1 1 1 1) (1 1 1 1 1 1 1 1) (1 1 1 1 1 1 1 1) (1 1 1 1 1 1 1 1) (1 1 1 1 1 1 1 1) (1 1 1 1 1 1 1 1) (1 1 1 1 1 1 1 1) (1 1 1 1 1 1 1 1) (1 1 1 1 1 1 1 1) (1 1 1 1 1 1 1 1) (1 1 1 1 1 1 1 1) (1 1 1 1 1 1 1 1) (1 1 1 1 1 1 1 1) (1 1 1 1 1 1 1 1) (1 1 1 1 1 1 1 1) (1 1 1 1 1 1 1 1) (1 1 1 1 1 1 1 1) (1 1 1 1 1 1 1 1) (1 1 1 1 1 1 1 1) (1 1 1 1 1 1 1 1) (1 1 1 1 1 1 1 1) (1 1 1 1 1 1 1 1) (1 1 1 1 1 1 1 1) (1 1 1 1 1 1 1 1) (1 1 1 1 1 1 1 1) (1 1 1 1 1 1 1 1) (1 1 1 1 1 1 1 1) (1 1 1 1 1 1 1 1) (1 1 1 1 1 1 1 1) (1 1 1 1 1 1 1 1) (1 1 1 1 1 1 1 1) (1 1 1 1 1 1 1 1) (1 1 1 1 1 1 1 1) (1 1 1 1 1 1 1 1) (1 1 1 1 1 1 1 1))) :legato 0)))) (load-port-info newobj (quote ((0 0 0 0 0 0 0 0) (0 0 0 0 0 0 0 0) (0 0 0 0 0 0 0 0) (0 0 0 0 0 0 0 0) (0 0 0 0 0 0 0 0) (0 0 0 0 0 0 0 0) (0 0 0 0 0 0 0 0) (0 0 0 0 0 0 0 0) (0 0 0 0 0 0 0 0) (0 0 0 0 0 0 0 0) (0 0 0 0 0 0 0 0) (0 0 0 0 0 0 0 0) (0 0 0 0 0 0 0 0) (0 0 0 0 0 0 0 0) (0 0 0 0 0 0 0 0) (0 0 0 0 0 0 0 0) (0 0 0 0 0 0 0 0) (0 0 0 0 0 0 0 0) (0 0 0 0 0 0 0 0) (0 0 0 0 0 0 0 0) (0 0 0 0 0 0 0 0) (0 0 0 0 0 0 0 0) (0 0 0 0 0 0 0 0) (0 0 0 0 0 0 0 0) (0 0 0 0 0 0 0 0) (0 0 0 0 0 0 0 0) (0 0 0 0 0 0 0 0) (0 0 0 0 0 0 0 0) (0 0 0 0 0 0 0 0) (0 0 0 0 0 0 0 0) (0 0 0 0 0 0 0 0) (0 0 0 0 0 0 0 0) (0 0 0 0 0 0 0 0) (0 0 0 0 0 0 0 0) (0 0 0 0 0 0 0 0) (0 0 0 0 0 0 0 0) (0 0 0 0 0 0 0 0) (0 0 0 0 0 0 0 0) (0 0 0 0 0 0 0 0)))) (init-mus-color newobj (quote nil)) (set-extra-pairs newobj (quote nil)) (set-patch-pairs newobj (quote ((nil (om-load-patch-abs1 "patch" (quote nil) (quote nil) 7.01 nil "" (om-make-point 200 200) (om-make-point 400 500)))))) (set-name newobj nil) (set-tonalite newobj nil) newobj) nil nil (pairlis (quote (approx fontsize staff cmnpref deltapict outport inport player zoom notechancolor? grillestep mode winsize winpos score-mode obj-mode cursor-mode show-stems scale)) (list 8 24 (quote ggff) (let ((newobj (make-instance (quote edition-values)))) (setf (paper-size newobj) (om-make-point 600 800)) (setf (top-margin newobj) 2) (setf (left-margin newobj) 1) (setf (right-margin newobj) 1) (setf (bottom-margin newobj) 1) (setf (orientation newobj) nil) (setf (scale newobj) nil) (setf (system-space newobj) (quote (1))) (setf (system-color newobj) (quote nil)) (setf (line-space newobj) 1) (setf (title newobj) nil) (setf (show-title? newobj) nil) (setf (show-page? newobj) nil) (setf (sheet-id newobj) nil) (setf (page-mode newobj) nil) newobj) (om-make-point 0 0) nil nil (quote :midi-player) 1 nil 1000 0 (om-make-point 1400 533) (om-make-point 400 44) 0 1 (quote :normal) (quote t) nil)) t nil nil nil))) (when (fboundp (quote set-active)) (set-active box nil)) box) (let ((box (om-load-boxcall (quote abstraction) "sort by roughness least to greatest" (om-load-patch-abs1 "sort by roughness least to greatest" (quote ((let ((box (om-load-boxwithed1 (quote box-with-win) "get roughness" (quote omloop) (quote ((om-load-inputfun (quote input-funbox) "" "input0" nil))) (om-make-point 425 344) nil nil nil (list (let ((box (om-load-boxcall (quote genfun) "collect" (quote listing) (quote ((om-load-inputfun (quote input-funbox) "anything" "DATA" nil))) (om-make-point 322 206) nil nil nil nil 3))) (when (fboundp (quote set-active)) (set-active box nil)) box) (let ((box (om-load-boxcall (quote lispfun) "NTH" (quote nth) (quote ((om-load-inputfun (quote input-funbox) "ORIG-N" "ORIG-N" 0) (om-load-inputfun (quote input-funbox) "ORIG-LIST" "ORIG-LIST" nil))) (om-make-point 229 169) nil nil nil nil 1))) (when (fboundp (quote set-active)) (set-active box nil)) box) (let ((box (om-load-boxcall (quote genfun) "inlist" (quote listloop) (quote ((om-load-inputfun (quote input-funbox) "list to iterate" "LIST" nil))) (om-make-point 276 71) nil nil nil nil 1))) (when (fboundp (quote set-active)) (set-active box nil)) box) (let ((box (om-load-boxin "input0" 0 (om-make-point 5 40) "" nil nil nil))) (when (fboundp (quote set-active)) (set-active box nil)) box) (let ((box (om-load-seqbox "finally" (quote finaldo) (quote ((om-load-inputfun (quote input-funbox) "value to return" "VAL" nil))) (om-make-point 321 293) nil nil nil 0))) (when (fboundp (quote set-active)) (set-active box nil)) box) (let ((box (om-load-seqbox "eachTime" (quote loopdo) (quote ((om-load-inputfun (quote input-funbox) "operations to do" "OP" nil))) (om-make-point 185 308) nil nil nil 0))) (when (fboundp (quote set-active)) (set-active box nil)) box)) (quote ((1 0 0 0 nil 0) (2 0 1 1 nil 0) (3 0 2 0 nil 0) (0 1 4 0 nil 0) (0 0 5 0 nil 0))) 1 "get roughness" nil))) (when (fboundp (quote set-active)) (set-active box nil)) box) (let ((box (om-load-boxout "output 2" 1 (om-make-point 438 452) (quote ((om-load-inputfun (quote input-funbox) "" "out" nil))) nil nil))) (when (fboundp (quote set-active)) (set-active box nil)) box) (let ((box (om-load-boxwithed1 (quote box-with-win) "get roughness" (quote omloop) (quote ((om-load-inputfun (quote input-funbox) "" "input0" nil))) (om-make-point 73 206) nil nil nil (list (let ((box (om-load-boxcall (quote genfun) "collect" (quote listing) (quote ((om-load-inputfun (quote input-funbox) "anything" "DATA" nil))) (om-make-point 275 123) nil nil nil nil 3))) (when (fboundp (quote set-active)) (set-active box nil)) box) (let ((box (om-load-boxcall (quote genfun) "ROUGHNESS" (quote roughness) (quote ((om-load-inputfun (quote input-funbox) "chord obj" "CHORD" (list 6000 6700)) (om-load-inputfun (quote input-funbox) "nbharm" "NBHARM" 2) (om-load-inputfun (quote input-funbox) "dec" "DEC" 2))) (om-make-point 158 162) nil nil nil nil 1))) (when (fboundp (quote set-active)) (set-active box nil)) box) (let ((box (om-load-boxcall (quote genfun) "inlist" (quote listloop) (quote ((om-load-inputfun (quote input-funbox) "list to iterate" "LIST" nil))) (om-make-point 46 119) nil nil nil nil 1))) (when (fboundp (quote set-active)) (set-active box nil)) box) (let ((box (om-load-boxin "input0" 0 (om-make-point 5 40) "" nil nil nil))) (when (fboundp (quote set-active)) (set-active box nil)) box) (let ((box (om-load-seqbox "finally" (quote finaldo) (quote ((om-load-inputfun (quote input-funbox) "value to return" "VAL" nil))) (om-make-point 300 250) nil nil nil 0))) (when (fboundp (quote set-active)) (set-active box nil)) box) (let ((box (om-load-seqbox "eachTime" (quote loopdo) (quote ((om-load-inputfun (quote input-funbox) "operations to do" "OP" nil))) (om-make-point 200 250) nil nil nil 0))) (when (fboundp (quote set-active)) (set-active box nil)) box)) (quote ((1 0 0 0 nil 0) (2 0 1 0 nil 0) (3 0 2 0 nil 0) (0 1 4 0 nil 0) (0 0 5 0 nil 0))) 1 "get roughness" nil))) (when (fboundp (quote set-active)) (set-active box nil)) box) (let ((box (om-load-boxwithed1 (quote box-with-win) "get chord" (quote omloop) (quote ((om-load-inputfun (quote input-funbox) "" "input0" nil))) (om-make-point 157 338) nil nil nil (list (let ((box (om-load-boxcall (quote genfun) "collect" (quote listing) (quote ((om-load-inputfun (quote input-funbox) "anything" "DATA" nil))) (om-make-point 322 206) nil nil nil nil 3))) (when (fboundp (quote set-active)) (set-active box nil)) box) (let ((box (om-load-boxcall (quote lispfun) "NTH" (quote nth) (quote ((om-load-inputfun (quote input-funbox) "ORIG-N" "ORIG-N" 1) (om-load-inputfun (quote input-funbox) "ORIG-LIST" "ORIG-LIST" nil))) (om-make-point 229 169) nil nil nil nil 1))) (when (fboundp (quote set-active)) (set-active box nil)) box) (let ((box (om-load-boxcall (quote genfun) "inlist" (quote listloop) (quote ((om-load-inputfun (quote input-funbox) "list to iterate" "LIST" nil))) (om-make-point 276 71) nil nil nil nil 1))) (when (fboundp (quote set-active)) (set-active box nil)) box) (let ((box (om-load-boxin "input0" 0 (om-make-point 5 40) "" nil nil nil))) (when (fboundp (quote set-active)) (set-active box nil)) box) (let ((box (om-load-seqbox "finally" (quote finaldo) (quote ((om-load-inputfun (quote input-funbox) "value to return" "VAL" nil))) (om-make-point 321 293) nil nil nil 0))) (when (fboundp (quote set-active)) (set-active box nil)) box) (let ((box (om-load-seqbox "eachTime" (quote loopdo) (quote ((om-load-inputfun (quote input-funbox) "operations to do" "OP" nil))) (om-make-point 185 308) nil nil nil 0))) (when (fboundp (quote set-active)) (set-active box nil)) box)) (quote ((1 0 0 0 nil 0) (2 0 1 1 nil 0) (3 0 2 0 nil 0) (0 1 4 0 nil 0) (0 0 5 0 nil 0))) 1 "get chord" nil))) (when (fboundp (quote set-active)) (set-active box nil)) box) (let ((box (om-load-boxcall (quote bastype) "list 2" (quote list) (quote nil) (om-make-point 416 212) (om-make-point 29 30) (quote <) "<" nil))) (when (fboundp (quote set-active)) (set-active box nil)) box) (let ((box (om-load-boxcall (quote bastype) "list" (quote list) (quote nil) (om-make-point 486 218) (om-make-point 42 30) (quote first) "first" nil))) (when (fboundp (quote set-active)) (set-active box nil)) box) (let ((box (om-load-boxcall (quote genfun) "SORT-LIST" (quote sort-list) (quote ((om-load-inputfun (quote input-funbox) "a list" "LST" nil) (om-load-inputkeyword (quote input-keyword) "test function" "test" (quote :test) (quote (quote <)) nil) (om-load-inputkeyword (quote input-keyword) "test key" "key" (quote :key) nil nil))) (om-make-point 293 291) nil nil nil nil 1))) (when (fboundp (quote set-active)) (set-active box nil)) box) (let ((box (om-load-boxwithed1 (quote box-with-win) "v fund + chord seq to hash" (quote omloop) (quote ((om-load-inputfun (quote input-funbox) "" "input0" nil) (om-load-inputfun (quote input-funbox) "" "input1" nil))) (om-make-point 172 183) nil nil nil (list (let ((box (om-load-boxcall (quote genfun) "collect" (quote listing) (quote ((om-load-inputfun (quote input-funbox) "anything" "DATA" nil))) (om-make-point 243 306) nil nil nil nil 3))) (when (fboundp (quote set-active)) (set-active box nil)) box) (let ((box (om-load-boxcall (quote lispfun) "LIST" (quote list) (quote ((om-load-inputfun (quote input-funbox) "add-input" "add-input" nil) (om-load-inputfun (quote input-funbox) "add-input" "add-input" nil))) (om-make-point 248 247) nil nil nil nil 1))) (when (fboundp (quote set-active)) (set-active box nil)) box) (let ((box (om-load-boxcall (quote genfun) "inlist 2" (quote listloop) (quote ((om-load-inputfun (quote input-funbox) "list to iterate" "LIST" nil))) (om-make-point 275 151) nil nil nil nil 1))) (when (fboundp (quote set-active)) (set-active box nil)) box) (let ((box (om-load-boxcall (quote genfun) "inlist" (quote listloop) (quote ((om-load-inputfun (quote input-funbox) "list to iterate" "LIST" nil))) (om-make-point 40 153) nil nil nil nil 1))) (when (fboundp (quote set-active)) (set-active box nil)) box) (let ((box (om-load-boxin "input1" 1 (om-make-point 212 40) "" nil nil nil))) (when (fboundp (quote set-active)) (set-active box nil)) box) (let ((box (om-load-boxin "input0" 0 (om-make-point 5 40) "" nil nil nil))) (when (fboundp (quote set-active)) (set-active box nil)) box) (let ((box (om-load-seqbox "finally" (quote finaldo) (quote ((om-load-inputfun (quote input-funbox) "value to return" "VAL" nil))) (om-make-point 486 490) nil nil nil 0))) (when (fboundp (quote set-active)) (set-active box nil)) box) (let ((box (om-load-seqbox "eachTime" (quote loopdo) (quote ((om-load-inputfun (quote input-funbox) "operations to do" "OP" nil))) (om-make-point 193 494) nil nil nil 0))) (when (fboundp (quote set-active)) (set-active box nil)) box)) (quote ((1 0 0 0 nil 0) (3 0 1 0 nil 0) (2 0 1 1 nil 0) (4 0 2 0 nil 0) (5 0 3 0 nil 0) (0 1 6 0 nil 0) (0 0 7 0 nil 0))) 1 "v fund + chord seq to hash" nil))) (when (fboundp (quote set-active)) (set-active box nil)) box) (let ((box (om-load-boxcall (quote genfun) "VIRTUAL-FUND" (quote virtual-fund) (quote ((om-load-inputfun (quote input-funbox) "pitches" "CHORD" (list 6000)) (om-load-inputfun (quote input-funbox) "approx" "CENTS" 50) (om-load-inputfunmenu1 (quote input-funmenu) "unit" "UNIT" (quote midic) (list (list "Midics" (quote (quote midic))) (list "Freqs" (quote (quote freq))))))) (om-make-point 157 62) nil nil nil nil 1))) (when (fboundp (quote set-active)) (set-active box nil)) box) (let ((box (om-load-boxin "input" 0 (om-make-point 5 45) "" nil nil nil))) (when (fboundp (quote set-active)) (set-active box nil)) box) (let ((box (om-load-boxout "output" 0 (om-make-point 89 375) (quote ((om-load-inputfun (quote input-funbox) "" "out" nil))) nil nil))) (when (fboundp (quote set-active)) (set-active box nil)) box))) (quote ((6 0 0 0 nil 0) (0 0 1 0 nil 0) (9 0 2 0 nil 0) (6 0 3 0 nil 0) (7 0 6 0 nil 0) (4 0 6 1 nil 0) (5 0 6 2 nil 0) (2 0 7 0 nil 0) (9 0 7 1 nil 0) (3 0 10 0 nil 0))) 7.01 nil "" (om-make-point 200 200) (om-make-point 500 400)) (quote ((om-load-inputfun (quote input-funbox) "" "input" nil))) (om-make-point 225 435) nil (list (list (list 6002 6790 6522 6516 7490 7586 8406 4758) (list 5964 6746 6486 6472 7446 7538 8354 4752) (list 5926 6698 6448 6424 7398 7490 8300 4746) (list 5884 6648 6408 6376 7348 7438 8242 4738) (list 5002 5790 5522 5516 6490 6586 7406 3758) (list 5034 5838 5550 5564 6538 6642 7472 3710) (list 5096 5644 5662 5376 6344 6356 6986 4634) (list 5840 6596 6368 6324 7296 7382 8180 4732) (list 4968 5736 5492 5464 6436 6528 7334 3804) (list 5064 5886 5576 5612 6586 6694 7534 3664) (list 5176 6050 5676 5776 6750 6876 7750 3476) (list 5148 6012 5652 5736 6712 6832 7700 3522) (list 5202 5788 5762 5520 6488 6514 7178 4646) (list 5094 5930 5602 5656 6630 6742 7592 3616) (list 5122 5972 5628 5696 6672 6788 7648 3570) (list 5794 6542 6324 6268 7242 7324 8114 4724) (list 4970 5472 5544 5204 6172 6164 6746 4620) (list 5746 6482 6278 6210 7182 7262 8044 4718) (list 4662 5228 5224 4962 5928 5950 6596 4152) (list 4600 5118 5170 4852 5818 5820 6420 4206) (list 5696 6420 6228 6148 7120 7194 7970 4710) (list 5294 5910 5848 5642 6610 6648 7338 4656) (list 4932 5680 5460 5408 6380 6466 7258 3852) (list 5642 6352 6176 6080 7052 7122 7888 4702) (list 4716 5324 5270 5056 6024 6060 6744 4098) (list 5582 6280 6122 6008 6980 7046 7800 4694) (list 5520 6200 6062 5930 6900 6960 7704 4686) (list 4896 5622 5426 5350 6322 6398 7174 3900) (list 5452 6114 5998 5844 6814 6868 7596 4676) (list 5378 6018 5926 5748 6718 6764 7474 4666) (list 4812 5486 5354 5216 6186 6246 6982 3996) (list 4856 5556 5392 5286 6256 6326 7084 3948) (list 4766 5410 5314 5140 6110 6158 6870 4046) (list 4528 4988 5110 4724 5688 5666 6204 4266) (list 4814 5248 5400 4984 5948 5914 6422 4606) (list 4600 4928 5202 4666 5628 5546 5920 4586) (list 4444 4826 5036 4564 5526 5470 5918 4332) (list 4334 4604 4944 4344 5304 5194 5484 4410) (list 4100 4076 4750 3826 4776 4500 4126 4550)) (list 0.03128106 0.03150886 0.035253253 0.040580467 0.041911304 0.044243902 0.04525491 0.046069548 0.047299784 0.047537633 0.047890008 0.0486135 0.048927695 0.04918369 0.049190384 0.049893864 0.050458368 0.05319935 0.053427603 0.05487621 0.055987664 0.056899358 0.057879668 0.059691333 0.06026511 0.063049294 0.06381684 0.064785376 0.06505862 0.066999234 0.071703546 0.07176737 0.073731266 0.08080144 0.08947058 0.103964694 0.1111287 0.130372 0.13090028)) nil "sort by roughness least to greatest"))) (when (fboundp (quote set-active)) (set-active box nil)) box) (let ((box (om-load-editor-box1 "CHORD-SEQ" (quote chord-seq) (quote ((om-load-inputfun (quote input-funbox) "object" "self" nil) (om-load-inputfun (quote input-funbox) "pitches (mc): list or list of lists" "lmidic" (list 6000)) (om-load-inputfun (quote input-funbox) "onsets (ms): list" "lonset" (list 0 1000)) (om-load-inputfun (quote input-funbox) "durations (ms): list or list of lists" "ldur" (list 1000)) (om-load-inputfun (quote input-funbox) "velocities (0-127): list or list of lists" "lvel" (list 100)) (om-load-inputfun (quote input-funbox) "offsets (ms): list or list of lists" "loffset" (list 0)) (om-load-inputfun (quote input-funbox) "MIDI channels (1-16): list or list of lists" "lchan" (list 1)) (om-load-inputfun (quote input-funbox) "relative chords duration (0-100)" "legato" 0))) (om-make-point 161 0) (om-make-point 903 149) (let ((newobj (when (find-class (quote chord-seq) nil) (make-instance (quote chord-seq) :lmidic (quote ((4100 4076 4750 3826 4776 4500 4126 4550) (4600 4928 5202 4666 5628 5546 5920 4586) (4814 5248 5400 4984 5948 5914 6422 4606) (5378 6018 5926 5748 6718 6764 7474 4666) (5452 6114 5998 5844 6814 6868 7596 4676) (5520 6200 6062 5930 6900 6960 7704 4686) (5582 6280 6122 6008 6980 7046 7800 4694) (5642 6352 6176 6080 7052 7122 7888 4702) (5294 5910 5848 5642 6610 6648 7338 4656) (5696 6420 6228 6148 7120 7194 7970 4710) (5746 6482 6278 6210 7182 7262 8044 4718) (4970 5472 5544 5204 6172 6164 6746 4620) (5794 6542 6324 6268 7242 7324 8114 4724) (5202 5788 5762 5520 6488 6514 7178 4646) (5840 6596 6368 6324 7296 7382 8180 4732) (5096 5644 5662 5376 6344 6356 6986 4634) (5884 6648 6408 6376 7348 7438 8242 4738) (5926 6698 6448 6424 7398 7490 8300 4746) (5964 6746 6486 6472 7446 7538 8354 4752) (6002 6790 6522 6516 7490 7586 8406 4758) (4334 4604 4944 4344 5304 5194 5484 4410) (4444 4826 5036 4564 5526 5470 5918 4332) (4528 4988 5110 4724 5688 5666 6204 4266) (4766 5410 5314 5140 6110 6158 6870 4046) (4856 5556 5392 5286 6256 6326 7084 3948) (4812 5486 5354 5216 6186 6246 6982 3996) (4896 5622 5426 5350 6322 6398 7174 3900) (4716 5324 5270 5056 6024 6060 6744 4098) (4932 5680 5460 5408 6380 6466 7258 3852) (4600 5118 5170 4852 5818 5820 6420 4206) (4662 5228 5224 4962 5928 5950 6596 4152) (5122 5972 5628 5696 6672 6788 7648 3570) (5094 5930 5602 5656 6630 6742 7592 3616) (5148 6012 5652 5736 6712 6832 7700 3522) (5176 6050 5676 5776 6750 6876 7750 3476) (5064 5886 5576 5612 6586 6694 7534 3664) (4968 5736 5492 5464 6436 6528 7334 3804) (5034 5838 5550 5564 6538 6642 7472 3710) (5002 5790 5522 5516 6490 6586 7406 3758))) :lonset (quote (0 1000 2000 3000 4000 5000 6000 7000 8000 9000 10000 11000 12000 13000 14000 15000 16000 17000 18000 19000 41000 42000 43000 44000 45000 46000 47000 48000 49000 50000 51000 52000 53000 54000 55000 56000 57000 58000 59000 60000)) :ldur (quote ((1000 1000 1000 1000 1000 1000 1000 1000) (1000 1000 1000 1000 1000 1000 1000 1000) (1000 1000 1000 1000 1000 1000 1000 1000) (1000 1000 1000 1000 1000 1000 1000 1000) (1000 1000 1000 1000 1000 1000 1000 1000) (1000 1000 1000 1000 1000 1000 1000 1000) (1000 1000 1000 1000 1000 1000 1000 1000) (1000 1000 1000 1000 1000 1000 1000 1000) (1000 1000 1000 1000 1000 1000 1000 1000) (1000 1000 1000 1000 1000 1000 1000 1000) (1000 1000 1000 1000 1000 1000 1000 1000) (1000 1000 1000 1000 1000 1000 1000 1000) (1000 1000 1000 1000 1000 1000 1000 1000) (1000 1000 1000 1000 1000 1000 1000 1000) (1000 1000 1000 1000 1000 1000 1000 1000) (1000 1000 1000 1000 1000 1000 1000 1000) (1000 1000 1000 1000 1000 1000 1000 1000) (1000 1000 1000 1000 1000 1000 1000 1000) (1000 1000 1000 1000 1000 1000 1000 1000) (1000 1000 1000 1000 1000 1000 1000 1000) (1000 1000 1000 1000 1000 1000 1000 1000) (1000 1000 1000 1000 1000 1000 1000 1000) (1000 1000 1000 1000 1000 1000 1000 1000) (1000 1000 1000 1000 1000 1000 1000 1000) (1000 1000 1000 1000 1000 1000 1000 1000) (1000 1000 1000 1000 1000 1000 1000 1000) (1000 1000 1000 1000 1000 1000 1000 1000) (1000 1000 1000 1000 1000 1000 1000 1000) (1000 1000 1000 1000 1000 1000 1000 1000) (1000 1000 1000 1000 1000 1000 1000 1000) (1000 1000 1000 1000 1000 1000 1000 1000) (1000 1000 1000 1000 1000 1000 1000 1000) (1000 1000 1000 1000 1000 1000 1000 1000) (1000 1000 1000 1000 1000 1000 1000 1000) (1000 1000 1000 1000 1000 1000 1000 1000) (1000 1000 1000 1000 1000 1000 1000 1000) (1000 1000 1000 1000 1000 1000 1000 1000) (1000 1000 1000 1000 1000 1000 1000 1000) (1000 1000 1000 1000 1000 1000 1000 1000))) :lvel (quote ((100 100 100 100 100 100 100 100) (100 100 100 100 100 100 100 100) (100 100 100 100 100 100 100 100) (100 100 100 100 100 100 100 100) (100 100 100 100 100 100 100 100) (100 100 100 100 100 100 100 100) (100 100 100 100 100 100 100 100) (100 100 100 100 100 100 100 100) (100 100 100 100 100 100 100 100) (100 100 100 100 100 100 100 100) (100 100 100 100 100 100 100 100) (100 100 100 100 100 100 100 100) (100 100 100 100 100 100 100 100) (100 100 100 100 100 100 100 100) (100 100 100 100 100 100 100 100) (100 100 100 100 100 100 100 100) (100 100 100 100 100 100 100 100) (100 100 100 100 100 100 100 100) (100 100 100 100 100 100 100 100) (100 100 100 100 100 100 100 100) (100 100 100 100 100 100 100 100) (100 100 100 100 100 100 100 100) (100 100 100 100 100 100 100 100) (100 100 100 100 100 100 100 100) (100 100 100 100 100 100 100 100) (100 100 100 100 100 100 100 100) (100 100 100 100 100 100 100 100) (100 100 100 100 100 100 100 100) (100 100 100 100 100 100 100 100) (100 100 100 100 100 100 100 100) (100 100 100 100 100 100 100 100) (100 100 100 100 100 100 100 100) (100 100 100 100 100 100 100 100) (100 100 100 100 100 100 100 100) (100 100 100 100 100 100 100 100) (100 100 100 100 100 100 100 100) (100 100 100 100 100 100 100 100) (100 100 100 100 100 100 100 100) (100 100 100 100 100 100 100 100))) :loffse